-1.35e-05 0
-1.34e-05 0
-1.33e-05 0
-1.32e-05 0
-1.31e-05 0
-1.3e-05 0
-1.29e-05 0
-1.28e-05 0
-1.27e-05 0
-1.26e-05 0
-1.25e-05 0
-9.500000000000001e-06 0
-9.400000000000001e-06 0
-9.300000000000001e-06 0
-9.2e-06 0
-9.100000000000001e-06 0
-9e-06 0
-8.900000000000001e-06 0
-8.8e-06 0
-8.700000000000001e-06 0
-8.600000000000001e-06 0
-8.5e-06 0
-5.500000000000001e-06 0
-5.4e-06 0
-5.3e-06 0
-5.2e-06 0
-5.1e-06 0
-5e-06 0
-4.900000000000001e-06 0
-4.800000000000001e-06 0
-4.7e-06 0
-4.6e-06 0
-4.5e-06 0
-1.5e-06 0
-1.4e-06 0
-1.3e-06 0
-1.2e-06 0
-1.1e-06 0
-1e-06 0
-9e-07 0
-8e-07 0
-7e-07 0
-6e-07 0
-5e-07 0
2.5e-06 0
2.6e-06 0
2.7e-06 0
2.8e-06 0
2.9e-06 0
3e-06 0
3.1e-06 0
3.2e-06 0
3.3e-06 0
3.4e-06 0
3.5e-06 0
6.5e-06 0
6.6e-06 0
6.7e-06 0
6.8e-06 0
6.900000000000001e-06 0
7.000000000000001e-06 0
7.100000000000001e-06 0
7.200000000000001e-06 0
7.3e-06 0
7.4e-06 0
7.5e-06 0
1.05e-05 0
1.06e-05 0
1.07e-05 0
1.08e-05 0
1.09e-05 0
1.1e-05 0
1.11e-05 0
1.12e-05 0
1.13e-05 0
1.14e-05 0
1.15e-05 0
