-1.15e-05 0
-1.14e-05 0
-1.13e-05 0
-1.12e-05 0
-1.11e-05 0
-1.1e-05 0
-1.09e-05 0
-1.08e-05 0
-1.07e-05 0
-1.06e-05 0
-1.05e-05 0
-7.500000000000001e-06 0
-7.4e-06 0
-7.300000000000001e-06 0
-7.200000000000001e-06 0
-7.1e-06 0
-7.000000000000001e-06 0
-6.9e-06 0
-6.800000000000001e-06 0
-6.7e-06 0
-6.600000000000001e-06 0
-6.5e-06 0
-3.5e-06 0
-3.400000000000001e-06 0
-3.299999999999999e-06 0
-3.2e-06 0
-3.100000000000001e-06 0
-3.000000000000002e-06 0
-2.899999999999999e-06 0
-2.8e-06 0
-2.700000000000001e-06 0
-2.599999999999999e-06 0
-2.5e-06 0
4.999999999999986e-07 0
6.00000000000001e-07 0
7.000000000000001e-07 0
7.999999999999991e-07 0
9.000000000000015e-07 0
1.000000000000001e-06 0
1.1e-06 0
1.199999999999999e-06 0
1.300000000000001e-06 0
1.4e-06 0
1.499999999999999e-06 0
4.500000000000001e-06 0
4.6e-06 0
4.699999999999999e-06 0
4.8e-06 0
4.900000000000001e-06 0
5e-06 0
5.1e-06 0
5.200000000000001e-06 0
5.3e-06 0
5.400000000000001e-06 0
5.5e-06 0
8.5e-06 0
8.600000000000001e-06 0
8.700000000000001e-06 0
8.8e-06 0
8.900000000000001e-06 0
9e-06 0
9.100000000000001e-06 0
9.2e-06 0
9.300000000000001e-06 0
9.400000000000001e-06 0
9.500000000000001e-06 0
1.25e-05 0
1.26e-05 0
1.27e-05 0
1.28e-05 0
1.29e-05 0
1.3e-05 0
1.31e-05 0
1.32e-05 0
1.33e-05 0
1.34e-05 0
1.35e-05 0
